10
11
12
13
14
15
16
17
18
19
20
21
22
23
24
25
26
27
28
29
30
31
32
33
34
35
36
37
38
39
40
41
42
43
44
45
46
47
48
49
50
51
52
53
54
55
56
57
58
31
32
33
34
35
36
37
38
39
40
41
42
43
44
45
46
47
48
49
50
51
52
53
54
55
56
57
58
59
60
61
62
63
64
65
66
67
68
69
70
108
71
109
72
110
73
111
74
112
75
113
76
114
77
115
78
116
79
117
80
118
81
119
82
120
121
83
122
84
123
85
124
86
125
87
126
88
127
89
128
90
129
91
130
92
131
93
132
94
133
95
134
96
135
97
136
98
137
138
99
100
101
139
146
147
148
149
150
151
152
153
154
155
156
157
158
159
160
161
162
163
164
165
166
167
168
169
170
171
172
173
174
175
176
177
178
176
206
177
178
207
179
208
180
209
181
210
182
211
183
212
184
213
185
214
186
215
187
216
188
217
189
218
190
219
191
220
192
221
193
222
194
223
195
224
196
225
197
226
198
227
199
228
200
229
201
230
202
231
203
232
233
204
205
234
206
235
207
208
236
209
240
241
242
242
600
243
601
244
602
245
603
246
604
247
605
800
900
801
901
802
902
700
803
701
903
702
804
904
703
905
805
704
906
806
705
907
807
706
808
908
707
809
909
708
910
810
709
911
811
912
812
710
913
813
711
914
814
712
915
815
713
916
714
816
917
715
817
918
716
818
919
819
717
920
820
718
921
821
719
922
822
720
923
823
721
924
824
722
925
825
723
926
826
724
927
827
725
928
828
726
929
829
727
930
830
728
931
831
729
932
832
730
933
833
731
934
834
732
935
835
733
836
936
734
837
937
735
838
938
736
839
737
939
840
738
940
841
739
941
842
740
942
843
741
943
844
944
742
845
743
945
846
744
946
847
745
947
848
746
948
849
747
949
850
748
950
851
749
951
852
750
952
853
751
953
854
752
954
855
955
753
856
956
754
857
957
755
858
958
756
859
757
860
959
861
960
758
862
759
961
863
962
760
864
963
761
865
964
762
866
965
763
867
966
764
868
765
967
869
766
968
767
969
870
768
970
871
769
971
872
972
770
873
973
771
874
772
974
875
773
975
876
774
976
877
775
977
878
776
879
978
777
880
979
778
881
980
779
882
981
780
883
982
781
884
983
782
885
984
783
886
985
784
887
986
785
888
987
786
889
988
787
890
989
788
891
990
789
892
991
790
893
992
791
894
993
792
895
994
793
896
995
794
897
996
795
898
997
796
899
998
797
900
999
901
798
902
1000
799
903
800
1001
904
801
905
1002
802
906
803
907
1003
908
804
909
1004
805
910
806
911
1005
807
912
808
1006
913
809
